0 0 1.0
0 10 0.8
0 20 0.3
0 30 0.1
0 40 0.0
-7.071067811865476 7.071067811865476 1.0
-14.142135623730951 14.142135623730951 0.6
-21.213203435596427 21.213203435596427 0.1
-28.284271247461902 28.284271247461902 -0.1
-20 0 0.7
-30 0 0.3
-40 0 0.1
-7.071067811865476 -7.071067811865476 0.9
-14.142135623730951 -14.142135623730951 0.5
-21.213203435596427 -21.213203435596427 0.0
-28.284271247461902 -28.284271247461902 -0.2
0 -10 0.6
0 -20 0.3
0 -30 0.1
0 -40 -0.1
10 0 0.6
20 0 0.3
30 0 0.1
40 0 0.0
