28.284271247461902 -28.284271247461902 -0.100000000000000
28.284271247461902 28.284271247461902 -0.200000000000000
-30.000000000000000 0.000000000000000 0.100000000000000
14.142135623730951 14.142135623730951 0.500000000000000
0.000000000000000 10.000000000000000 0.600000000000000
7.071067811865476 7.071067811865476 0.900000000000000
0.000000000000000 -10.000000000000000 0.800000000000000
0.000000000000000 30.000000000000000 0.100000000000000
0.000000000000000 -40.000000000000000 0.000000000000000
-20.000000000000000 0.000000000000000 0.300000000000000
30.000000000000000 0.000000000000000 0.300000000000000
-40.000000000000000 0.000000000000000 0.000000000000000
0.000000000000000 -30.000000000000000 0.100000000000000
-10.000000000000000 0.000000000000000 0.600000000000000
21.213203435596427 21.213203435596427 0.000000000000000
7.071067811865476 -7.071067811865476 1.000000000000000
0.000000000000000 0.000000000000000 1.000000000000000
0.000000000000000 -20.000000000000000 0.300000000000000
14.142135623730951 -14.142135623730951 0.600000000000000
21.213203435596427 -21.213203435596427 0.100000000000000
20.000000000000000 0.000000000000000 0.700000000000000
40.000000000000000 0.000000000000000 0.100000000000000
0.000000000000000 20.000000000000000 0.300000000000000
0.000000000000000 40.000000000000000 -0.100000000000000
