-0.111381	-0.095444	0.046981	0.057271	
0.035834	0.070751	0.018457	0.043268
0.049352	0.149311	0.023313	0.086076	
-0.060388	0.211444	0.023925	0.102189	
0.027668	-0.131590	0.013331	0.066891	
0.043741	0.431352	0.023647	0.240033	
0.068419	-0.179857	0.021659	0.120444	
0.153526	-0.226440	0.049572	0.094918	
0.051242	0.106778	0.021052	0.070712	
0.043780	0.232942	0.018041	0.118884	
0.098715	-0.167615	0.047496	0.127125
0.033010	0.096330	0.016830	0.054338
0.054789	0.164970	0.021563	0.079444	
0.025881	0.154064	0.014060	0.080185	
-0.047770	-0.134524	0.020497	0.089544	
-0.048620	0.205933	0.020727	0.101195	